171.149 336.917 307.448 78.972 0.254334
172.39 337.675 324.423 92.528 0.1632836
173.63 338.427 339.488 107.959 0.0900858
174.871 339.173 352.412 124.846 0.0379223
176.111 339.912 3.369 124.846 0.0085257
177.352 340.644 12.754 142.464 0.0021835
178.592 341.371 21.005 160.098 0.0178795
179.832 342.091 28.519 177.3 0.0535509
181.071 342.806 35.638 193.915 0.1064237
182.311 343.514 42.666 210.002 0.1733728
183.55 344.217 49.891 225.729 0.2512456
184.789 344.914 57.616 241.295 0.3370841
186.027 345.605 66.173 256.88 0.428203
187.266 346.291 75.93 272.595 0.522109
188.503 346.972 87.265 288.43 0.6163005
189.741 347.647 100.474 304.203 0.7079927
190.978 348.318 115.637 319.555 0.7938902
192.216 348.983 132.516 334.028 0.8700896
193.452 349.643 150.604 347.242 0.9322056
194.689 350.299 169.335 359.039 0.9757494
195.926 350.95 169.335 9.522 0.9967188
197.162 351.596 188.293 18.969 0.992272
198.399 352.238 207.292 27.736 0.9613184
199.635 352.876 226.326 36.201 0.9048646
200.872 353.51 245.458 44.75 0.8260181
202.108 354.139 264.687 53.786 0.7296481
203.345 354.765 283.811 63.735 0.6217904
204.583 355.387 302.355 75.025 0.5089458
205.82 356.006 319.645 88.0 0.3974294
