171.149 336.917 307.448 78.972 0.254334
172.39 337.675 324.423 92.528 0.1632836
173.63 338.427 339.488 107.959 0.0900858
174.871 339.173 352.412 124.846 0.0379223
176.111 339.912 3.369 124.846 0.0085257
177.352 340.644 12.754 142.464 0.0021835
178.592 341.371 21.005 160.098 0.0178795
179.832 342.091 28.519 177.3 0.0535509
181.071 342.806 35.638 193.915 0.1064237
182.311 343.514 42.666 210.002 0.1733728
183.55 344.217 49.891 225.729 0.2512456
184.789 344.914 57.616 241.295 0.3370841
186.027 345.605 66.173 256.88 0.428203
187.266 346.291 75.93 272.595 0.522109
188.503 346.972 87.265 288.43 0.6163005
189.741 347.647 100.474 304.203 0.7079927
190.978 348.318 115.637 319.555 0.7938902
192.216 348.983 132.516 334.028 0.8700896
193.452 349.643 150.604 347.242 0.9322056
194.689 350.299 169.335 359.039 0.9757494
195.926 350.95 169.335 9.522 0.9967188
197.162 351.596 188.293 18.969 0.992272
198.399 352.238 207.292 27.736 0.9613184
199.635 352.876 226.326 36.201 0.9048646
200.872 353.51 245.458 44.75 0.8260181
202.108 354.139 264.687 53.786 0.7296481
203.345 354.765 283.811 63.735 0.6217904
204.583 355.387 302.355 75.025 0.5089458
205.82 356.006 319.645 88.0 0.3974294
207.058 356.621 335.08 102.757 0.2928824
208.296 357.232 348.392 119.016 0.2000084
209.535 357.84 359.705 136.176 0.1224814
210.774 358.445 9.381 153.573 0.0629654
212.014 359.047 17.844 153.573 0.0231633
213.254 359.646 25.49 170.726 0.0038505
214.494 0.242 32.659 187.416 0.0049041
215.736 0.836 39.651 203.637 0.025366
216.978 1.426 46.742 219.503 0.063581
218.22 2.014 54.212 235.179 0.1174132
219.463 2.6 62.362 250.821 0.1844983
220.707 3.183 71.525 266.534 0.2624582
221.952 3.765 82.053 282.323 0.3490045
223.197 4.344 94.262 298.054 0.4418876
224.444 4.921 108.329 313.437 0.5386963
225.691 5.496 124.187 328.072 0.6365716
226.939 6.07 141.502 341.581 0.7319165
228.188 6.642 159.803 353.757 0.8202529
229.439 7.212 178.665 4.624 0.8963253
230.69 7.782 197.836 14.399 0.9545306
231.942 8.35 197.836 23.406 0.9896531
233.196 8.917 217.245 32.011 0.9977671
234.451 9.483 236.915 40.599 0.9770713
235.707 10.048 256.836 49.576 0.9283905
236.965 10.612 276.804 59.376 0.8551594
238.225 11.176 296.309 70.447 0.7628722
239.486 11.74 314.589 83.167 0.6581718
240.748 12.304 330.915 97.688 0.5478673
242.012 12.867 344.929 113.774 0.4381586
243.278 13.43 356.734 130.831 0.3342091
244.546 13.993 6.719 148.172 0.2400792
245.815 14.557 15.355 165.29 0.1588683
247.085 15.121 23.071 181.951 0.0929246
248.358 15.685 30.233 198.142 0.0439927
249.632 16.25 37.149 198.142 0.0132525
250.907 16.816 44.095 213.981 0.0012809
252.184 17.383 51.341 229.633 0.0080045
253.463 17.951 59.171 245.261 0.0327137
254.743 18.52 67.891 260.975 0.0741679
256.025 19.09 77.827 276.791 0.1307674
257.308 19.661 89.283 292.588 0.2007239
258.593 20.235 102.456 308.092 0.2821553
259.879 20.81 117.343 322.912 0.3730479
261.167 21.386 133.708 336.657 0.4710731
262.455 21.965 151.162 349.08 0.5732975
263.745 22.546 169.325 0.16 0.6758865
265.036 23.129 187.958 10.076 0.7739134
266.329 23.715 206.995 19.13 0.8614479
267.622 24.304 226.495 27.675 0.9320183
268.916 24.895 226.495 36.089 0.979463
270.211 25.489 246.528 44.774 0.9990209
271.508 26.087 267.006 54.175 0.9883517
272.805 26.687 287.504 64.778 0.9481251
274.103 27.292 307.188 77.055 0.8819355
275.401 27.9 325.062 91.298 0.7955566
276.7 28.512 340.452 107.385 0.6958149
278.0 29.128 353.289 124.708 0.5894776
279.3 29.748 3.958 142.439 0.4824734
280.6 30.373 13.001 159.919 0.3795617
281.9 31.003 20.927 176.831 0.2843967
283.2 31.637 28.159 193.146 0.1997824
284.5 32.276 35.042 209.001 0.1279588
285.799 32.92 41.87 224.6 0.0707889
287.097 33.57 48.922 224.6 0.0298096
288.395 34.226 56.478 240.143 0.0061752
289.692 34.887 64.84 255.783 0.0005597
290.987 35.554 74.327 271.58 0.0130893
292.281 36.227 85.245 287.452 0.0433443
293.573 36.907 97.806 303.145 0.090433
294.863 37.593 112.037 318.258 0.1530935
296.151 38.285 127.725 332.354 0.2297609
297.436 38.985 144.487 345.113 0.3185425
298.718 39.692 161.935 356.452 0.4170705
299.997 40.406 179.811 6.512 0.5222481
301.273 41.127 198.049 15.576 0.6299733
302.546 41.856 216.739 23.993 0.7349528
303.814 42.593 236.046 32.129 0.8308026
305.079 43.338 256.073 40.373 0.9105514
306.339 44.092 256.073 49.15 0.9675689
307.594 44.854 276.659 58.95 0.9967361
308.845 45.624 297.186 70.314 0.9954965
310.091 46.404 316.578 83.725 0.9643972
311.331 47.192 333.753 99.346 0.9069013
312.566 47.99 348.193 116.752 0.8285535
313.794 48.797 0.071 135.028 0.7358318
315.017 49.614 9.931 153.242 0.6350859
316.233 50.44 18.366 170.834 0.5318398
317.443 51.276 25.879 187.654 0.4305349
318.645 52.123 32.877 203.816 0.3346126
319.84 52.979 39.692 219.544 0.2467905
321.028 53.846 46.622 235.086 0.1693484
322.207 54.723 53.958 250.655 0.1043369
323.379 55.611 62.006 250.655 0.0536578
324.542 56.51 71.095 266.378 0.0190211
325.696 57.419 81.551 282.249 0.0018243
326.842 58.339 93.633 298.084 0.003012
327.978 59.269 107.42 313.509 0.022969
329.105 60.211 122.733 328.051 0.0614767
330.223 61.163 139.173 341.303 0.1177272
331.33 62.126 156.285 353.078 0.1903516
332.427 63.1 173.732 3.451 0.2774107
333.515 64.085 191.387 12.675 0.3763002
334.591 65.08 209.31 21.088 0.4835694
335.658 66.086 227.688 29.054 0.5947161
336.713 67.103 246.727 36.942 0.7040959
337.758 68.13 266.503 45.148 0.8050912
338.792 69.168 286.75 54.123 0.8906802
339.815 70.216 286.75 64.393 0.9543595
340.827 71.275 306.692 76.527 0.9912163
341.828 72.344 325.18 90.958 0.9988084
342.818 73.423 341.249 107.666 0.9775383
343.797 74.512 354.62 125.961 0.9303968
344.765 75.61 5.631 144.77 0.8621999
345.723 76.718 14.868 163.202 0.7786101
346.669 77.836 22.901 180.831 0.6852526
347.604 78.963 30.201 197.63 0.5871267
348.528 80.099 37.147 213.784 0.4883669
349.441 81.243 44.063 229.553 0.3922857
350.344 82.397 51.255 245.189 0.3016008
351.236 83.558 59.034 260.884 0.2187026
352.117 84.728 67.735 276.716 0.1458822
352.988 85.906 77.71 276.716 0.0854499
353.849 87.091 89.272 292.598 0.039719
354.699 88.283 102.596 308.242 0.0108677
355.539 89.483 117.598 323.202 0.0007229
356.368 90.689 133.912 337.013 0.0105329
357.188 91.901 151.027 349.375 0.0407863
357.998 93.12 168.496 0.257 0.0911126
358.799 94.344 186.074 9.854 0.1602501
359.589 95.574 203.737 18.483 0.2460393
0.371 96.809 221.621 26.499 0.3453958
1.143 98.049 239.936 34.263 0.4542534
1.907 99.294 258.846 42.149 0.5675292
2.661 100.543 278.308 50.564 0.6792205
3.407 101.795 297.887 59.981 0.7827199
4.145 103.052 316.699 70.941 0.8714128
4.875 104.312 316.699 83.973 0.9394601
5.596 105.576 333.71 99.363 0.9825884
6.31 106.842 348.276 116.836 0.9986587
7.017 108.111 0.4 135.525 0.987849
7.716 109.383 10.516 154.394 0.9524133
8.408 110.657 19.179 172.722 0.896116
9.093 111.933 26.892 190.238 0.8235234
9.771 113.211 34.073 206.994 0.7393377
10.443 114.491 41.068 223.196 0.6479106
11.109 115.772 48.193 239.092 0.5529979
11.769 117.055 55.758 254.9 0.4577472
12.422 118.339 64.095 270.753 0.3648541
13.07 119.623 73.558 286.65 0.2768191
13.713 120.909 84.501 302.407 0.1961873
14.35 122.195 97.188 302.407 0.125708
14.983 123.481 111.676 317.66 0.0683488
15.61 124.767 127.724 331.954 0.0271459
16.232 126.054 144.851 344.916 0.0049167
16.85 127.34 162.536 356.404 0.0039009
17.464 128.626 180.404 6.523 0.0254158
18.073 129.911 198.308 15.548 0.0695953
18.678 131.196 216.291 23.818 0.1352507
19.279 132.48 234.508 31.69 0.2198461
19.876 133.763 253.116 39.527 0.3195717
20.47 135.045 272.139 47.709 0.4295015
21.06 136.327 291.313 56.664 0.5438441
21.647 137.606 309.989 66.882 0.6563065
22.231 138.885 327.277 78.874 0.760547
22.813 140.162 342.449 93.031 0.850701
23.391 141.438 342.449 109.354 0.9218897
23.967 142.713 355.288 127.291 0.970634
24.54 143.986 6.057 145.928 0.9951066
25.111 145.257 15.233 164.439 0.9951806
25.681 146.527 23.311 182.357 0.9722716
26.248 147.795 30.715 199.573 0.9290043
26.813 149.062 37.804 216.195 0.8687684
27.377 150.327 44.895 232.419 0.7952537
27.939 151.591 52.291 248.448 0.7120595
28.5 152.853 60.305 264.428 0.6224531
29.06 154.114 69.279 280.398 0.5293123
29.619 155.373 79.564 296.248 0.4352386
30.177 156.63 91.476 311.693 0.3427777
30.734 157.886 105.185 326.331 0.2546844
31.29 159.14 120.609 339.776 0.174115
31.846 160.393 137.395 339.776 0.1046824
32.402 161.644 155.052 351.809 0.0503169
32.957 162.894 173.139 2.451 0.0149232
33.512 164.142 191.401 11.917 0.0018862
34.067 165.388 209.783 20.522 0.0135199
34.622 166.633 228.365 28.615 0.0505801
35.178 167.876 247.262 36.554 0.1119604
35.733 169.118 266.493 44.712 0.1946463
36.289 170.359 285.831 53.496 0.2939537
36.846 171.597 304.707 63.363 0.4040044
37.403 172.835 322.299 74.799 0.5183359
37.961 174.071 337.877 88.207 0.6305219
38.52 175.305 351.153 103.696 0.7346727
39.08 176.538 2.312 120.89 0.8257835
39.642 177.77 2.312 139.025 0.8999193
40.204 179.001 11.791 157.302 0.9542926
40.768 180.23 20.075 175.197 0.9872849
41.334 181.458 27.593 192.517 0.9984324
41.901 182.686 34.707 209.298 0.9883592
42.47 183.912 41.731 225.695 0.9586311
43.041 185.138 48.959 241.882 0.9115183
43.614 186.362 56.686 257.999 0.849699
44.189 187.586 65.23 274.094 0.7759669
44.766 188.81 74.922 290.082 0.6930181
45.346 190.033 86.08 305.719 0.6033726
45.929 191.255 98.926 320.638 0.5094466
46.514 192.477 113.484 334.452 0.4137514
47.101 193.698 129.534 346.902 0.31915
47.692 194.919 146.679 357.952 0.2291031
48.286 196.14 164.505 7.764 0.1477788
48.882 197.36 182.725 7.764 0.0799536
49.482 198.58 201.234 16.629 0.0306404
50.086 199.8 220.074 24.885 0.0044533
50.692 201.02 239.349 32.89 0.0048129
51.302 202.239 259.092 41.014 0.0331841
51.916 203.459 279.103 49.662 0.0885845
52.534 204.678 298.804 59.29 0.1675504
53.155 205.898 317.297 70.394 0.2646039
53.781 207.117 333.72 83.415 0.3730833
54.41 208.336 347.67 98.526 0.4860784
55.044 209.555 359.297 115.422 0.5972026
55.681 210.775 9.065 133.358 0.7010567
56.324 211.994 17.499 151.511 0.7933592
56.971 213.213 25.062 169.32 0.8708784
57.622 214.433 32.138 186.566 0.9312861
58.278 215.653 32.138 203.28 0.9730444
58.939 216.873 39.049 219.617 0.9953581
59.606 218.093 46.088 235.766 0.998164
60.277 219.314 53.54 251.879 0.9821042
60.954 220.535 61.707 268.025 0.948439
61.636 221.757 70.905 284.139 0.8988922
62.323 222.979 81.443 299.995 0.8354617
63.016 224.202 93.555 315.222 0.7602526
63.715 225.425 107.311 329.407 0.6753905
64.42 226.648 122.557 342.238 0.5830572
65.131 227.872 138.953 353.621 0.4856555
65.848 229.096 156.118 3.68 0.3860631
66.571 230.321 173.771 12.686 0.2879207
67.3 231.546 191.802 20.971 0.1958143
68.035 232.772 210.267 28.889 0.1152341
68.778 233.998 229.314 36.808 0.0521837
69.526 235.225 249.08 36.808 0.0124076
70.282 236.451 269.51 45.127 0.0003584
71.044 237.678 290.146 54.305 0.0181871
71.813 238.905 310.035 64.872 0.0651167
72.589 240.132 328.019 77.368 0.1374672
73.372 241.36 343.342 92.131 0.2293409
74.161 242.587 355.973 108.997 0.3337193
74.958 243.813 6.382 127.197 0.4435812
75.763 245.04 15.179 145.738 0.5527182
76.574 246.266 22.91 163.883 0.6561205
77.393 247.492 30.014 181.329 0.74997
78.22 248.717 36.848 198.099 0.8314325
79.054 249.942 43.719 214.378 0.8983964
79.895 251.166 50.921 230.401 0.9492812
80.744 252.389 58.75 246.373 0.9829542
81.601 253.611 58.75 262.42 0.9987366
82.466 254.833 67.525 278.536 0.9964476
83.339 256.054 77.558 294.539 0.9764301
84.219 257.273 89.106 310.071 0.9395219
85.108 258.491 102.275 324.677 0.8869675
86.004 259.708 116.94 337.963 0.8203037
86.909 260.924 132.767 349.745 0.7412735
87.822 262.138 149.347 0.088 0.6518272
88.742 263.35 166.36 9.238 0.5542496
89.671 264.56 183.666 17.521 0.4514119
90.608 265.768 201.309 25.288 0.3470758
91.553 266.974 219.474 32.897 0.2461396
92.507 268.178 238.398 40.726 0.1546217
93.468 269.379 258.243 49.209 0.0792377
94.438 270.578 278.879 58.867 0.0265197
95.415 271.774 299.63 70.309 0.0016342
96.401 272.966 319.265 70.309 0.0072606
97.394 274.156 336.532 84.105 0.0429448
98.396 275.342 350.873 100.451 0.1051953
99.405 276.524 2.537 118.813 0.1882753
100.422 277.703 12.158 138.055 0.2853716
101.446 278.878 20.385 157.083 0.3897263
102.478 280.048 27.75 175.308 0.4954241
103.518 281.214 34.672 192.626 0.5977313
104.565 282.375 41.496 209.211 0.6930661
105.619 283.532 48.533 225.334 0.7787403
106.68 284.683 56.09 241.262 0.8526595
107.749 285.83 64.49 257.195 0.9130783
108.825 286.972 74.067 273.216 0.9584781
109.908 288.108 85.118 289.235 0.9875685
110.997 289.239 97.813 304.963 0.999378
112.093 290.364 97.813 319.954 0.9933706
113.196 291.483 112.091 333.747 0.969527
114.306 292.597 127.633 346.047 0.928356
115.421 293.705 143.981 356.822 0.8708398
116.543 294.806 160.724 6.262 0.7983625
117.671 295.901 177.63 14.676 0.7126943
118.805 296.99 194.676 22.411 0.6160898
119.945 298.072 212.009 29.815 0.5115156
121.09 299.147 229.881 37.242 0.4029441
122.241 300.216 248.554 45.08 0.295561
123.398 301.278 268.156 53.792 0.1957158
124.559 302.333 288.447 63.948 0.1104352
125.726 303.38 308.598 76.198 0.0465079
126.897 304.421 327.307 91.08 0.0093268
128.073 305.454 343.47 91.08 0.0018503
129.253 306.48 356.784 108.596 0.0240524
130.437 307.498 7.656 127.922 0.0730521
131.625 308.509 16.744 147.76 0.1438486
132.818 309.511 24.662 167.072 0.2303676
134.013 310.506 31.902 185.416 0.3264745
135.212 311.494 38.862 202.804 0.4267002
136.415 312.473 45.878 219.472 0.5265804
137.62 313.444 53.272 235.709 0.6226581
138.829 314.407 61.372 251.767 0.7122488
140.04 315.363 70.523 267.805 0.793138
141.254 316.31 81.061 283.831 0.8633081
142.47 317.25 93.235 299.664 0.9207849
143.689 318.181 107.092 314.934 0.9636299
144.91 319.105 122.401 329.182 0.99006
146.133 320.02 122.401 342.037 0.998634
147.358 320.928 138.712 353.357 0.9884325
148.584 321.828 155.533 3.25 0.959171
149.813 322.72 172.514 11.985 0.9112314
151.043 323.604 189.518 19.894 0.8456451
152.274 324.48 206.604 27.318 0.7640959
153.507 325.349 223.967 34.596 0.6689992
154.74 326.21 241.853 42.083 0.5636661
155.975 327.063 260.463 50.181 0.4524859
157.212 327.909 279.78 59.378 0.3409885
158.449 328.748 299.373 70.263 0.2356614
159.686 329.579 318.294 83.449 0.1434103
160.925 330.402 335.402 99.304 0.0707269
162.164 331.218 349.978 117.557 0.0227417
163.404 332.027 2.034 117.557 0.0024318
164.644 332.829 12.055 137.207 0.0102251
165.884 333.624 20.64 157.049 0.0441101
167.125 334.411 28.323 176.263 0.1001936
168.365 335.192 35.537 194.565 0.1735115
