30.312 156.937 6.574 149.89 0.9838021
30.869 158.192 15.291 166.377 0.9977916
31.424 159.445 23.156 182.531 0.9923837
31.98 160.696 30.49 198.305 0.968477
32.535 161.946 37.581 213.779 0.9275593
33.09 163.195 44.699 229.1 0.8715527
33.645 164.441 52.117 244.433 0.8026131
34.199 165.687 60.132 259.92 0.7229499
34.754 166.93 69.083 275.633 0.6347454
35.31 168.173 79.349 291.522 0.5402287
35.865 169.414 91.311 307.367 0.4419044
36.422 170.654 105.251 322.78 0.34287
36.978 171.892 121.21 337.296 0.2471211
37.536 173.129 138.895 350.555 0.1596614
38.095 174.365 157.759 350.555 0.0862961
38.654 175.6 177.234 2.441 0.03303
39.215 176.833 196.918 13.092 0.0051388
39.777 178.065 216.628 22.811 0.006133
40.34 179.297 236.319 31.974 0.0369265
40.905 180.527 255.952 40.974 0.0955005
41.471 181.756 275.356 50.21 0.1771961
42.039 182.984 294.148 60.086 0.2755478
42.609 184.21 311.769 70.992 0.383382
43.18 185.436 327.675 83.249 0.4938448
43.754 186.661 341.571 96.999 0.6010953
44.33 187.886 353.493 112.105 0.7005822
44.908 189.109 3.724 128.152 0.7889494
45.488 190.331 12.641 144.613 0.8637664
46.071 191.553 12.641 161.045 0.9232362
46.656 192.774 20.621 177.195 0.9660096
47.244 193.995 27.999 192.994 0.9911424
47.835 195.215 35.066 208.505 0.9981558
48.429 196.435 42.089 223.856 0.9871181
49.026 197.655 49.326 239.197 0.9586669
49.627 198.874 57.05 254.656 0.9139362
50.231 200.093 65.566 270.301 0.8544083
50.838 201.312 75.211 286.091 0.7817652
51.449 202.531 86.331 301.841 0.6978212
52.063 203.749 99.218 317.211 0.6046007
52.682 204.968 113.993 331.781 0.5045668
53.304 206.187 130.516 345.194 0.4009454
53.93 207.407 148.409 357.287 0.2980164
54.561 208.626 167.199 8.138 0.2012342
55.196 209.845 186.507 18.001 0.1169964
55.835 211.065 206.127 18.001 0.051998
56.479 212.285 226.0 27.222 0.01222
57.127 213.506 246.101 36.183 0.0017844
57.78 214.726 266.291 45.286 0.0220272
58.438 215.947 286.178 54.946 0.0711333
59.101 217.168 305.102 65.591 0.1444954
59.769 218.39 322.323 77.602 0.2356757
60.442 219.611 337.35 91.201 0.3376256
61.12 220.833 350.12 106.307 0.4437585
61.804 222.056 0.921 122.494 0.5486018
62.493 223.278 10.187 139.163 0.6479758
63.187 224.501 18.355 155.791 0.7387992
63.887 225.724 25.804 172.08 0.8187482
64.593 226.947 32.857 187.953 0.8859324
65.305 228.171 39.794 203.484 0.9387049
66.023 229.395 39.794 218.823 0.9756332
66.748 230.62 46.878 234.141 0.9955863
67.478 231.844 54.378 249.587 0.99786
68.215 233.069 62.583 265.247 0.9822645
68.958 234.295 71.811 281.097 0.9491326
69.708 235.52 82.391 296.962 0.8992597
70.465 236.746 94.6 312.503 0.8338263
71.228 237.973 108.572 327.282 0.7543697
71.999 239.199 124.207 340.904 0.6628588
72.776 240.426 141.176 353.165 0.5618814
73.56 241.652 159.057 4.105 0.4549052
74.352 242.879 177.502 13.955 0.3465047
75.151 244.106 196.332 23.047 0.2424361
75.957 245.333 215.535 31.754 0.1493838
76.771 246.559 235.181 40.468 0.0743129
77.592 247.785 255.282 49.604 0.0234669
78.421 249.011 275.622 49.604 0.0012398
79.257 250.237 295.621 59.613 0.0092839
80.101 251.462 314.387 70.954 0.0461876
80.953 252.686 331.078 84.001 0.1078656
81.812 253.909 345.297 98.854 0.1885046
82.679 255.131 357.183 115.178 0.2817106
83.554 256.352 7.18 132.287 0.3814794
84.437 257.572 15.796 149.467 0.4827629
85.328 258.791 23.487 166.251 0.5816032
86.227 260.008 30.629 182.477 0.674963
87.133 261.223 37.54 198.202 0.7604057
88.048 262.436 44.502 213.602 0.835806
88.971 263.648 51.796 228.889 0.8991605
89.901 264.857 59.716 244.263 0.9485383
90.84 266.065 68.584 259.869 0.9821482
91.787 267.269 78.74 275.746 0.9984754
92.742 268.472 78.74 291.772 0.99643
93.705 269.672 90.489 307.632 0.9754645
94.675 270.869 103.998 322.856 0.935643
95.654 272.063 119.19 336.964 0.8776728
96.641 273.255 135.726 349.653 0.8029291
97.636 274.443 153.133 0.888 0.7135078
98.639 275.627 171.003 10.869 0.6123266
99.65 276.808 189.118 19.921 0.5032604
100.669 277.986 207.464 28.416 0.3912477
101.695 279.159 226.161 36.737 0.2822505
102.729 280.329 245.356 45.283 0.1829662
103.771 281.494 265.072 54.485 0.1001944
104.82 282.655 285.03 64.822 0.0399404
105.877 283.811 304.531 76.772 0.0064586
106.941 284.962 322.602 76.772 0.0015453
108.012 286.109 338.44 90.677 0.02433
109.09 287.25 351.791 106.499 0.0716355
110.175 288.386 2.918 123.69 0.1387564
111.267 289.516 12.322 141.406 0.2203706
112.366 290.641 20.516 158.907 0.3113121
113.471 291.759 27.94 175.804 0.4070459
114.582 292.872 34.959 192.034 0.5038212
115.7 293.978 41.884 207.736 0.5985862
116.823 295.078 49.011 223.134 0.6887555
117.953 296.172 56.642 238.471 0.7719626
119.088 297.259 65.107 253.955 0.8458581
120.229 298.339 74.767 269.711 0.9080094
121.376 299.413 85.979 285.724 0.9559222
122.528 300.479 99.005 301.776 0.9871772
123.685 301.539 99.005 317.445 0.9996532
124.847 302.591 113.87 332.195 0.991786
126.014 303.637 130.281 345.589 0.9628094
127.185 304.675 147.71 357.454 0.9129316
128.361 305.705 165.622 7.9 0.843429
129.542 306.729 183.664 17.225 0.7566713
130.727 307.744 201.73 25.797 0.6561028
131.916 308.752 219.899 33.998 0.5461979
133.108 309.753 238.342 42.214 0.4323682
134.305 310.746 257.194 50.848 0.3207516
135.505 311.731 276.406 60.344 0.2178383
136.709 312.709 295.595 71.182 0.1298917
137.915 313.679 314.013 83.812 0.0622587
139.125 314.641 330.781 98.466 0.018722
140.338 315.595 345.32 98.466 0.0010746
141.553 316.541 357.575 114.936 0.0090386
142.771 317.479 7.889 132.539 0.0405328
143.991 318.41 16.743 150.421 0.0921906
145.213 319.332 24.603 167.938 0.1599693
146.437 320.246 31.865 184.802 0.2397017
147.663 321.152 38.867 201.015 0.32749
148.891 322.051 45.912 216.743 0.4199026
150.12 322.941 53.302 232.218 0.5139801
151.351 323.823 61.358 247.668 0.6071035
152.583 324.698 70.441 263.275 0.6967658
153.816 325.565 80.937 279.115 0.7803462
155.05 326.424 93.198 295.101 0.8549427
156.285 327.275 107.411 310.937 0.9173352
157.52 328.119 123.46 326.148 0.9641207
158.757 328.955 140.895 340.233 0.9920182
159.994 329.783 140.895 352.87 0.9982928
161.232 330.604 159.106 4.026 0.9812017
162.47 331.418 177.58 13.913 0.9403574
163.709 332.225 196.039 22.873 0.8769258
164.948 333.024 214.445 31.284 0.793634
166.188 333.816 232.902 39.527 0.6946082
167.428 334.602 251.538 47.992 0.5850861
168.668 335.38 270.373 57.091 0.4710428
169.908 336.152 289.187 67.27 0.3587531
171.149 336.917 307.448 78.972 0.254334
172.39 337.675 324.423 92.528 0.1632836
173.63 338.427 339.488 107.959 0.0900858
174.871 339.173 352.412 124.846 0.0379223
176.111 339.912 3.369 124.846 0.0085257
177.352 340.644 12.754 142.464 0.0021835
178.592 341.371 21.005 160.098 0.0178795
179.832 342.091 28.519 177.3 0.0535509
181.071 342.806 35.638 193.915 0.1064237
182.311 343.514 42.666 210.002 0.1733728
183.55 344.217 49.891 225.729 0.2512456
184.789 344.914 57.616 241.295 0.3370841
186.027 345.605 66.173 256.88 0.428203
187.266 346.291 75.93 272.595 0.522109
188.503 346.972 87.265 288.43 0.6163005
189.741 347.647 100.474 304.203 0.7079927
190.978 348.318 115.637 319.555 0.7938902
192.216 348.983 132.516 334.028 0.8700896
193.452 349.643 150.604 347.242 0.9322056
194.689 350.299 169.335 359.039 0.9757494
195.926 350.95 169.335 9.522 0.9967188
197.162 351.596 188.293 18.969 0.992272
198.399 352.238 207.292 27.736 0.9613184
199.635 352.876 226.326 36.201 0.9048646
200.872 353.51 245.458 44.75 0.8260181
202.108 354.139 264.687 53.786 0.7296481
203.345 354.765 283.811 63.735 0.6217904
204.583 355.387 302.355 75.025 0.5089458
205.82 356.006 319.645 88.0 0.3974294
207.058 356.621 335.08 102.757 0.2928824
208.296 357.232 348.392 119.016 0.2000084
209.535 357.84 359.705 136.176 0.1224814
210.774 358.445 9.381 153.573 0.0629654
212.014 359.047 17.844 153.573 0.0231633
213.254 359.646 25.49 170.726 0.0038505
214.494 0.242 32.659 187.416 0.0049041
215.736 0.836 39.651 203.637 0.025366
216.978 1.426 46.742 219.503 0.063581
218.22 2.014 54.212 235.179 0.1174132
219.463 2.6 62.362 250.821 0.1844983
220.707 3.183 71.525 266.534 0.2624582
221.952 3.765 82.053 282.323 0.3490045
223.197 4.344 94.262 298.054 0.4418876
224.444 4.921 108.329 313.437 0.5386963
225.691 5.496 124.187 328.072 0.6365716
226.939 6.07 141.502 341.581 0.7319165
228.188 6.642 159.803 353.757 0.8202529
229.439 7.212 178.665 4.624 0.8963253
230.69 7.782 197.836 14.399 0.9545306
231.942 8.35 197.836 23.406 0.9896531
233.196 8.917 217.245 32.011 0.9977671
234.451 9.483 236.915 40.599 0.9770713
235.707 10.048 256.836 49.576 0.9283905
236.965 10.612 276.804 59.376 0.8551594
238.225 11.176 296.309 70.447 0.7628722
239.486 11.74 314.589 83.167 0.6581718
240.748 12.304 330.915 97.688 0.5478673
242.012 12.867 344.929 113.774 0.4381586
243.278 13.43 356.734 130.831 0.3342091
244.546 13.993 6.719 148.172 0.2400792
245.815 14.557 15.355 165.29 0.1588683
247.085 15.121 23.071 181.951 0.0929246
248.358 15.685 30.233 198.142 0.0439927
249.632 16.25 37.149 198.142 0.0132525
250.907 16.816 44.095 213.981 0.0012809
252.184 17.383 51.341 229.633 0.0080045
253.463 17.951 59.171 245.261 0.0327137
254.743 18.52 67.891 260.975 0.0741679
256.025 19.09 77.827 276.791 0.1307674
257.308 19.661 89.283 292.588 0.2007239
258.593 20.235 102.456 308.092 0.2821553
259.879 20.81 117.343 322.912 0.3730479
261.167 21.386 133.708 336.657 0.4710731
262.455 21.965 151.162 349.08 0.5732975
263.745 22.546 169.325 0.16 0.6758865
265.036 23.129 187.958 10.076 0.7739134
266.329 23.715 206.995 19.13 0.8614479
267.622 24.304 226.495 27.675 0.9320183
268.916 24.895 226.495 36.089 0.979463
270.211 25.489 246.528 44.774 0.9990209
271.508 26.087 267.006 54.175 0.9883517
272.805 26.687 287.504 64.778 0.9481251
274.103 27.292 307.188 77.055 0.8819355
275.401 27.9 325.062 91.298 0.7955566
276.7 28.512 340.452 107.385 0.6958149
278.0 29.128 353.289 124.708 0.5894776
279.3 29.748 3.958 142.439 0.4824734
280.6 30.373 13.001 159.919 0.3795617
281.9 31.003 20.927 176.831 0.2843967
283.2 31.637 28.159 193.146 0.1997824
284.5 32.276 35.042 209.001 0.1279588
285.799 32.92 41.87 224.6 0.0707889
287.097 33.57 48.922 224.6 0.0298096
288.395 34.226 56.478 240.143 0.0061752
289.692 34.887 64.84 255.783 0.0005597
290.987 35.554 74.327 271.58 0.0130893
292.281 36.227 85.245 287.452 0.0433443
293.573 36.907 97.806 303.145 0.090433
294.863 37.593 112.037 318.258 0.1530935
296.151 38.285 127.725 332.354 0.2297609
297.436 38.985 144.487 345.113 0.3185425
298.718 39.692 161.935 356.452 0.4170705
299.997 40.406 179.811 6.512 0.5222481
301.273 41.127 198.049 15.576 0.6299733
302.546 41.856 216.739 23.993 0.7349528
303.814 42.593 236.046 32.129 0.8308026
305.079 43.338 256.073 40.373 0.9105514
306.339 44.092 256.073 49.15 0.9675689
307.594 44.854 276.659 58.95 0.9967361
308.845 45.624 297.186 70.314 0.9954965
310.091 46.404 316.578 83.725 0.9643972
311.331 47.192 333.753 99.346 0.9069013
312.566 47.99 348.193 116.752 0.8285535
313.794 48.797 0.071 135.028 0.7358318
315.017 49.614 9.931 153.242 0.6350859
316.233 50.44 18.366 170.834 0.5318398
317.443 51.276 25.879 187.654 0.4305349
318.645 52.123 32.877 203.816 0.3346126
319.84 52.979 39.692 219.544 0.2467905
321.028 53.846 46.622 235.086 0.1693484
322.207 54.723 53.958 250.655 0.1043369
323.379 55.611 62.006 250.655 0.0536578
324.542 56.51 71.095 266.378 0.0190211
325.696 57.419 81.551 282.249 0.0018243
326.842 58.339 93.633 298.084 0.003012
327.978 59.269 107.42 313.509 0.022969
329.105 60.211 122.733 328.051 0.0614767
330.223 61.163 139.173 341.303 0.1177272
331.33 62.126 156.285 353.078 0.1903516
332.427 63.1 173.732 3.451 0.2774107
333.515 64.085 191.387 12.675 0.3763002
334.591 65.08 209.31 21.088 0.4835694
335.658 66.086 227.688 29.054 0.5947161
336.713 67.103 246.727 36.942 0.7040959
337.758 68.13 266.503 45.148 0.8050912
338.792 69.168 286.75 54.123 0.8906802
339.815 70.216 286.75 64.393 0.9543595
340.827 71.275 306.692 76.527 0.9912163
341.828 72.344 325.18 90.958 0.9988084
342.818 73.423 341.249 107.666 0.9775383
343.797 74.512 354.62 125.961 0.9303968
344.765 75.61 5.631 144.77 0.8621999
345.723 76.718 14.868 163.202 0.7786101
346.669 77.836 22.901 180.831 0.6852526
347.604 78.963 30.201 197.63 0.5871267
348.528 80.099 37.147 213.784 0.4883669
349.441 81.243 44.063 229.553 0.3922857
350.344 82.397 51.255 245.189 0.3016008
351.236 83.558 59.034 260.884 0.2187026
352.117 84.728 67.735 276.716 0.1458822
352.988 85.906 77.71 276.716 0.0854499
353.849 87.091 89.272 292.598 0.039719
354.699 88.283 102.596 308.242 0.0108677
355.539 89.483 117.598 323.202 0.0007229
356.368 90.689 133.912 337.013 0.0105329
357.188 91.901 151.027 349.375 0.0407863
357.998 93.12 168.496 0.257 0.0911126
358.799 94.344 186.074 9.854 0.1602501
359.589 95.574 203.737 18.483 0.2460393
0.371 96.809 221.621 26.499 0.3453958
1.143 98.049 239.936 34.263 0.4542534
1.907 99.294 258.846 42.149 0.5675292
2.661 100.543 278.308 50.564 0.6792205
3.407 101.795 297.887 59.981 0.7827199
4.145 103.052 316.699 70.941 0.8714128
4.875 104.312 316.699 83.973 0.9394601
5.596 105.576 333.71 99.363 0.9825884
6.31 106.842 348.276 116.836 0.9986587
7.017 108.111 0.4 135.525 0.987849
7.716 109.383 10.516 154.394 0.9524133
8.408 110.657 19.179 172.722 0.896116
9.093 111.933 26.892 190.238 0.8235234
9.771 113.211 34.073 206.994 0.7393377
10.443 114.491 41.068 223.196 0.6479106
11.109 115.772 48.193 239.092 0.5529979
11.769 117.055 55.758 254.9 0.4577472
12.422 118.339 64.095 270.753 0.3648541
13.07 119.623 73.558 286.65 0.2768191
13.713 120.909 84.501 302.407 0.1961873
14.35 122.195 97.188 302.407 0.125708
14.983 123.481 111.676 317.66 0.0683488
15.61 124.767 127.724 331.954 0.0271459
16.232 126.054 144.851 344.916 0.0049167
16.85 127.34 162.536 356.404 0.0039009
17.464 128.626 180.404 6.523 0.0254158
18.073 129.911 198.308 15.548 0.0695953
18.678 131.196 216.291 23.818 0.1352507
19.279 132.48 234.508 31.69 0.2198461
19.876 133.763 253.116 39.527 0.3195717
20.47 135.045 272.139 47.709 0.4295015
21.06 136.327 291.313 56.664 0.5438441
21.647 137.606 309.989 66.882 0.6563065
22.231 138.885 327.277 78.874 0.760547
22.813 140.162 342.449 93.031 0.850701
23.391 141.438 342.449 109.354 0.9218897
23.967 142.713 355.288 127.291 0.970634
24.54 143.986 6.057 145.928 0.9951066
25.111 145.257 15.233 164.439 0.9951806
25.681 146.527 23.311 182.357 0.9722716
26.248 147.795 30.715 199.573 0.9290043
26.813 149.062 37.804 216.195 0.8687684
27.377 150.327 44.895 232.419 0.7952537
27.939 151.591 52.291 248.448 0.7120595
28.5 152.853 60.305 264.428 0.6224531
29.06 154.114 69.279 280.398 0.5293123
