51.104 201.843 238.148 19.64 0.0018545
51.716 203.063 257.609 29.064 0.0168562
52.333 204.283 276.234 39.323 0.0589466
52.953 205.502 293.366 50.776 0.1236377
53.577 206.722 308.51 63.657 0.2052012
54.206 207.941 321.53 77.953 0.2976705
54.838 209.16 321.53 93.354 0.3956219
55.475 210.38 332.622 109.359 0.4945833
56.116 211.6 342.162 125.487 0.5910675
56.761 212.819 350.559 141.425 0.6823541
57.411 214.039 358.188 157.066 0.7661518
58.066 215.259 5.373 172.454 0.8403132
58.726 216.479 12.401 187.729 0.9026709
59.391 217.7 19.544 203.068 0.9510338
60.06 218.921 27.081 218.643 0.9833174
60.735 220.142 35.319 234.576 0.9977422
61.415 221.363 44.603 250.883 0.9930301
62.101 222.585 55.297 267.405 0.9685478
62.792 223.808 67.725 283.775 0.9243874
63.489 225.03 82.043 299.461 0.8614131
64.192 226.254 98.123 313.941 0.7813139
64.901 227.478 115.544 326.909 0.6866859
65.616 228.702 133.771 326.909 0.5811306
66.336 229.927 152.365 338.368 0.4693133
67.064 231.152 171.106 348.563 0.3568943
67.797 232.377 189.969 357.858 0.250277
68.537 233.603 209.028 6.65 0.1561104
69.284 234.829 228.323 15.338 0.0805972
70.037 236.056 247.722 24.32 0.0287117
70.797 237.283 266.808 34.007 0.00351
71.564 238.51 284.906 44.806 0.0057275
72.338 239.737 301.308 57.057 0.0337983
73.119 240.964 315.591 70.901 0.0843001
73.906 242.192 327.75 86.151 0.1526822
74.701 243.419 338.092 102.31 0.2340502
75.504 244.646 347.042 118.777 0.3237932
76.313 245.872 347.042 135.088 0.4179301
77.13 247.098 355.018 151.024 0.5131655
77.954 248.324 2.386 166.577 0.6067392
78.786 249.549 9.464 181.879 0.6961619
79.625 250.773 16.545 197.129 0.778972
80.472 251.997 23.917 212.541 0.8525701
81.326 253.22 31.893 228.301 0.9141794
82.188 254.442 40.823 244.504 0.9609367
83.058 255.663 51.098 261.09 0.9900934
83.936 256.883 63.091 277.764 0.9992876
84.822 258.102 77.041 294.001 0.9868467
85.716 259.319 92.888 309.181 0.952072
86.618 260.535 110.213 322.844 0.8954653
87.528 261.749 128.395 334.867 0.8188579
88.446 262.962 146.878 345.433 0.7254192
89.373 264.173 165.351 354.9 0.6195364
90.307 265.382 183.753 354.9 0.5065808
91.249 266.588 202.182 3.674 0.3925852
92.2 267.793 220.765 12.159 0.2838468
93.159 268.995 239.536 20.751 0.186487
94.126 270.194 258.301 29.85 0.1059573
95.101 271.391 276.574 39.871 0.0465521
96.084 272.585 293.666 51.21 0.0110026
97.075 273.775 308.958 64.155 0.0002547
98.074 274.962 322.177 78.734 0.013506
99.081 276.146 333.437 94.61 0.0485018
100.095 277.326 343.087 111.182 0.1020138
101.117 278.502 351.544 127.841 0.1703653
102.147 279.674 359.199 144.187 0.2498759
103.185 280.841 6.395 160.078 0.3371428
104.229 282.004 13.436 175.568 0.4291381
105.282 283.163 20.618 190.829 0.5231443
106.341 284.316 20.618 206.084 0.6165914
107.407 285.465 28.244 221.555 0.7068351
108.481 286.608 36.661 237.418 0.7909673
109.562 287.746 46.263 253.735 0.8656982
110.649 288.879 57.48 270.373 0.9273731
111.743 290.006 70.682 286.941 0.9721661
112.844 291.127 86.009 302.829 0.9964582
113.951 292.243 103.2 317.431 0.9973569
115.065 293.352 121.627 330.403 0.9732501
116.185 294.456 140.568 341.766 0.9242467
117.31 295.553 159.502 351.811 0.8523703
118.442 296.643 178.211 0.939 0.7614378
119.58 297.727 196.711 9.564 0.6566644
120.724 298.805 215.126 18.089 0.5441116
121.873 299.876 233.549 26.908 0.4301182
123.027 300.94 251.926 26.908 0.3208044
124.187 301.997 269.967 36.419 0.2216999
125.352 303.047 287.149 47.02 0.1374561
126.522 304.089 302.888 59.055 0.0716432
127.696 305.125 316.784 72.699 0.0266185
128.875 306.153 328.771 87.829 0.003481
130.058 307.173 339.07 104.001 0.0021284
131.245 308.186 348.037 120.62 0.0214138
132.436 309.191 356.049 137.169 0.0593835
133.631 310.189 3.449 153.356 0.1135568
134.829 311.179 10.545 169.111 0.1812017
136.03 312.16 17.623 184.522 0.2595617
137.235 313.134 24.969 199.762 0.3459931
138.443 314.1 32.898 215.038 0.4379888
139.653 315.058 41.773 230.543 0.5330772
140.866 316.009 52.007 246.408 0.6286243
142.082 316.951 52.007 262.633 0.7215716
143.3 317.885 64.033 279.015 0.8082248
144.52 318.811 78.18 295.115 0.8841855
145.743 319.729 94.486 310.353 0.9445444
146.967 320.639 112.569 324.236 0.9843851
148.193 321.542 131.735 336.564 0.9995445
149.42 322.436 151.283 347.464 0.9874454
150.65 323.323 170.757 357.265 0.9477436
151.88 324.201 189.985 6.369 0.882563
153.112 325.072 208.981 15.185 0.7962366
154.346 325.936 227.797 24.108 0.694649
155.58 326.791 246.401 33.53 0.5844037
156.816 327.64 264.579 43.834 0.4720459
158.053 328.48 281.919 55.364 0.3634884
159.29 329.313 297.925 55.364 0.2637074
160.528 330.139 312.21 68.344 0.1766425
161.767 330.957 324.658 82.767 0.1052427
163.006 331.769 335.414 98.339 0.0515662
164.246 332.572 344.782 114.574 0.016874
165.486 333.369 353.113 130.973 0.0016898
166.726 334.159 0.739 147.187 0.0058343
167.967 334.941 7.96 163.059 0.0284678
169.207 335.717 15.048 178.596 0.0681768
170.448 336.486 22.271 193.904 0.1231216
171.689 337.248 29.906 209.142 0.1912192
172.929 338.003 38.267 224.47 0.2703092
174.169 338.752 47.714 240.017 0.35823
175.409 339.495 58.64 255.825 0.4527537
176.649 340.231 71.419 271.796 0.5513677
177.889 340.96 86.271 287.65 0.6509629
179.128 341.684 86.271 302.947 0.7475245
180.367 342.401 103.116 317.225 0.8360144
181.606 343.113 121.53 330.178 0.9105819
182.844 343.818 140.9 341.776 0.9651876
184.083 344.518 160.669 352.226 0.9945619
185.321 345.212 180.496 1.867 0.9952515
186.558 345.901 200.243 11.089 0.9664157
187.796 346.584 219.866 20.286 0.9100902
189.033 347.263 239.278 29.852 0.8308287
190.271 347.936 258.237 40.172 0.7348597
191.508 348.604 276.319 51.592 0.6290482
192.745 349.267 293.01 64.348 0.5199657
193.983 349.925 307.909 78.47 0.4132744
195.22 350.579 320.884 78.47 0.3134777
196.457 351.228 332.074 93.723 0.2239897
197.694 351.873 341.789 109.676 0.1473609
198.931 352.514 350.388 125.87 0.0855318
200.169 353.15 358.21 141.961 0.0400024
201.406 353.782 5.56 157.78 0.011874
202.644 354.411 12.709 173.308 0.0017897
203.881 355.035 19.912 188.623 0.0098457
205.119 355.656 27.426 203.853 0.0355507
206.357 356.273 35.529 219.132 0.0778838
207.595 356.886 44.532 234.566 0.135437
208.833 357.496 54.771 250.189 0.206574
210.072 358.103 66.578 265.924 0.2895148
211.311 358.707 80.195 281.546 0.3822702
212.55 359.307 95.668 296.702 0.4824084
