51.121 201.877 27.245 206.104 0.9940537
51.734 203.095 38.017 224.605 0.9982879
52.35 204.314 49.222 242.758 0.9753974
52.97 205.533 61.044 260.313 0.9284976
53.594 206.751 73.58 276.983 0.8621244
54.222 207.97 86.82 292.5 0.7813835
54.854 209.189 100.656 306.688 0.6912336
55.49 210.408 114.919 306.688 0.5960499
56.132 211.627 129.441 319.514 0.4994877
56.777 212.847 144.095 331.075 0.4045709
57.428 214.067 158.821 341.56 0.3139178
58.083 215.287 173.623 351.203 0.2299788
58.743 216.508 188.552 0.25 0.1552286
59.408 217.729 203.681 8.944 0.0922567
60.079 218.951 219.083 17.521 0.0437356
60.754 220.173 234.794 26.216 0.012268
61.435 221.395 250.778 35.273 0.0001405
62.122 222.618 266.895 44.945 0.0090305
62.814 223.841 282.884 55.493 0.0397244
63.511 225.064 298.402 67.166 0.0919091
64.214 226.288 313.112 80.153 0.1640639
64.924 227.513 326.787 94.522 0.2534575
65.639 228.737 339.376 110.176 0.3562251
66.36 229.962 339.376 126.861 0.4675003
67.087 231.187 350.995 144.25 0.5816017
67.821 232.412 1.87 162.042 0.6923149
68.561 233.637 12.284 180.03 0.7932914
69.307 234.863 22.535 198.094 0.8785953
70.06 236.089 32.917 216.159 0.9433109
70.819 237.315 43.704 234.126 0.9840855
71.586 238.541 55.127 251.818 0.9994597
72.359 239.767 67.342 268.96 0.9898917
73.139 240.993 80.389 285.216 0.9574806
73.927 242.219 94.181 300.282 0.9054815
74.721 243.446 108.522 313.981 0.8377509
75.523 244.672 123.181 326.301 0.758253
76.333 245.898 137.963 337.376 0.6707099
77.15 247.124 152.753 337.376 0.578431
77.974 248.349 167.529 347.429 0.484315
78.806 249.574 182.343 356.717 0.390977
79.646 250.799 197.294 5.504 0.3009697
80.493 252.023 212.501 14.047 0.2170031
81.348 253.247 228.061 22.6 0.1421095
82.211 254.469 244.015 31.421 0.0796772
83.082 255.691 260.297 40.782 0.0333021
83.961 256.912 276.686 50.972 0.0064507
84.848 258.131 292.818 62.28 0.0019851
85.743 259.349 308.256 74.953 0.0216565
86.645 260.566 322.641 89.119 0.0656957
87.556 261.781 335.804 104.707 0.1326088
88.475 262.994 347.799 121.432 0.219214
89.402 264.205 358.839 138.878 0.3208952
90.336 265.414 9.218 156.648 0.4319996
91.279 266.621 9.218 174.47 0.546308
92.23 267.825 19.254 192.216 0.6575262
93.188 269.026 29.262 209.855 0.7597382
94.155 270.225 39.544 227.381 0.8478129
95.129 271.421 50.371 244.737 0.9177126
96.112 272.614 61.964 261.767 0.9666859
97.102 273.803 74.453 278.21 0.9933373
98.1 274.989 87.837 293.75 0.9975786
99.107 276.172 101.974 308.113 0.9804782
100.121 277.351 116.618 321.155 0.9440281
101.142 278.526 131.505 332.894 0.8908531
102.172 279.697 146.429 343.482 0.8239005
103.209 280.864 161.287 353.146 0.7461566
104.254 282.027 176.074 2.141 0.660449
105.306 283.185 190.864 10.728 0.5693771
106.365 284.338 205.781 10.728 0.4753912
107.432 285.487 220.962 19.165 0.3809918
108.506 286.63 236.524 27.712 0.2890075
109.588 287.769 252.513 36.644 0.2028314
110.676 288.902 268.847 46.257 0.126523
111.771 290.029 285.274 56.873 0.0646703
112.873 291.151 301.375 68.813 0.0219711
113.981 292.267 316.681 82.334 0.0025786
115.096 293.378 330.837 97.524 0.0093544
116.216 294.481 343.724 114.204 0.0432286
117.343 295.579 355.455 131.945 0.1028587
118.476 296.67 6.288 150.21 0.1846883
119.614 297.755 16.545 168.548 0.2833927
120.758 298.832 26.555 186.687 0.3925827
121.907 299.903 36.635 204.528 0.5055848
123.062 300.966 36.635 222.061 0.6161241
124.221 302.023 47.076 239.286 0.7187746
125.385 303.072 58.134 256.146 0.8091727
126.554 304.114 70.002 272.496 0.8840275
127.728 305.149 82.768 288.11 0.9410293
128.906 306.176 96.392 302.742 0.9787471
130.088 307.196 110.702 316.21 0.9965636
131.275 308.208 125.449 328.45 0.9946413
132.465 309.212 140.381 339.528 0.9738777
133.659 310.209 155.316 349.609 0.9358007
134.856 311.198 170.164 358.911 0.882389
136.058 312.179 184.93 7.672 0.8158505
137.262 313.152 199.688 16.135 0.7384251
138.469 314.118 214.554 24.544 0.6522881
139.68 315.076 229.654 33.153 0.5596034
140.893 316.026 245.09 42.237 0.4627308
142.109 316.968 260.893 42.237 0.3645241
143.328 317.902 276.971 52.099 0.268638
144.549 318.828 293.07 63.071 0.1796812
145.772 319.747 308.797 75.481 0.1031009
146.997 320.658 323.732 89.581 0.0447132
148.224 321.56 337.58 105.435 0.0099042
149.453 322.455 350.268 122.822 0.0026603
150.683 323.342 1.933 141.264 0.0246935
151.914 324.222 12.836 160.187 0.0749465
153.147 325.093 23.291 179.117 0.1496684
154.381 325.957 33.614 197.759 0.2430526
155.616 326.812 44.104 215.979 0.3482314
156.852 327.661 55.025 233.72 0.4583109
158.088 328.501 66.59 250.928 0.567155
159.325 329.334 66.59 267.502 0.6697852
160.563 330.159 78.933 283.289 0.7623967
161.801 330.977 92.083 298.11 0.8421617
163.04 331.788 105.952 311.821 0.9069718
164.278 332.591 120.36 324.36 0.9552547
165.518 333.387 135.092 335.767 0.9859157
166.757 334.176 149.951 346.173 0.9983755
167.997 334.958 164.805 355.761 0.9926298
169.236 335.733 179.601 4.744 0.9692583
170.476 336.501 194.351 13.341 0.9293433
171.716 337.263 209.117 21.775 0.8743191
172.956 338.018 223.988 30.273 0.805813
174.196 338.766 239.048 39.076 0.7255591
175.436 339.508 254.349 48.446 0.6354443
176.676 340.244 269.87 58.673 0.5377025
177.915 340.973 285.485 70.063 0.4352203
179.155 341.697 300.951 70.063 0.3318483
180.395 342.415 315.947 82.906 0.2325996
181.634 343.126 330.172 97.406 0.1435515
182.874 343.832 343.453 113.581 0.0713564
184.113 344.533 355.792 131.208 0.0223486
185.352 345.227 7.348 149.858 0.0014117
186.591 345.916 18.371 169.032 0.0109308
187.829 346.6 29.151 188.3 0.0502009
189.067 347.279 39.975 207.361 0.115539
190.305 347.952 51.103 226.017 0.201073
191.543 348.621 62.748 244.112 0.2999111
192.78 349.284 75.052 261.485 0.4052834
194.017 349.942 88.062 277.952 0.5113264
195.254 350.596 88.062 293.334 0.6134012
196.491 351.245 101.724 307.503 0.7080028
197.728 351.89 115.904 320.42 0.7924754
198.964 352.53 130.429 332.146 0.8646988
200.201 353.166 145.134 342.82 0.9228809
201.437 353.798 159.901 352.635 0.9654953
202.674 354.426 174.668 1.802 0.9913357
203.911 355.049 189.426 10.536 0.9996191
205.147 355.67 204.207 19.052 0.9900654
206.385 356.286 219.064 27.562 0.962908
207.622 356.899 234.046 36.284 0.918836
208.86 357.509 249.179 45.448 0.8589081
210.098 358.115 264.435 55.301 0.7845
211.337 358.718 279.712 66.102 0.6973441
212.576 359.319 294.829 78.107 0.5996881
